   1.4541e-32
   1.0785e-31
   1.0400e-32
  -3.9530e-32
   2.6655e-31
   1.9596e-32
  -1.8513e-31
  -1.5841e-32
   1.4637e-32
  -2.2052e-32
  -3.6015e-32
   3.6593e-33
  -6.1533e-32
   8.9171e-32
  -5.0074e-33
  -2.0993e-32
   2.5104e-31
  -2.2341e-32
  -1.9741e-32
  -5.0459e-32
   9.1963e-32
  -1.4830e-31
   3.2693e-32
  -8.7341e-32
  -8.9700e-32
  -1.1941e-32
   2.8311e-32
   7.3185e-33
  -7.2854e-32
   1.9259e-33
  -1.9957e-32
   3.6015e-32
   2.3111e-32
  -4.9304e-32
   1.9837e-32
  -6.9574e-32
   6.0859e-32
  -4.8533e-32
  -8.6667e-32
  -7.5352e-32
  -3.8314e-32
   1.1402e-31
  -3.9977e-06
  -4.5425e-06
  -2.4254e-06
  -3.1920e-06
  -1.6140e-06
  -2.9819e-06
  -1.0692e-06
  -2.8517e-06
  -6.7064e-07
  -2.7525e-06
  -3.8319e-07
  -2.6564e-06
  -1.8812e-07
  -2.5648e-06
  -6.9915e-08
  -2.4834e-06
  -1.1871e-08
  -2.4193e-06
   4.6651e-09
  -2.3782e-06
  -2.4961e-20
  -2.3641e-06
  -4.6651e-09
  -2.3782e-06
   1.1871e-08
  -2.4193e-06
   6.9915e-08
  -2.4834e-06
   1.8812e-07
  -2.5648e-06
   3.8319e-07
  -2.6564e-06
   6.7064e-07
  -2.7525e-06
   1.0692e-06
  -2.8517e-06
   1.6140e-06
  -2.9819e-06
   2.4254e-06
  -3.1920e-06
   3.9977e-06
  -4.5425e-06
  -5.7412e-06
  -8.0459e-06
  -4.3302e-06
  -6.9187e-06
  -3.0163e-06
  -6.3277e-06
  -2.0368e-06
  -6.0032e-06
  -1.3023e-06
  -5.7284e-06
  -7.6680e-07
  -5.4711e-06
  -3.9904e-07
  -5.2308e-06
  -1.7067e-07
  -5.0214e-06
  -5.1124e-08
  -4.8584e-06
  -6.4629e-09
  -4.7549e-06
  -2.9827e-20
  -4.7194e-06
   6.4629e-09
  -4.7549e-06
   5.1124e-08
  -4.8584e-06
   1.7067e-07
  -5.0214e-06
   3.9904e-07
  -5.2308e-06
   7.6680e-07
  -5.4711e-06
   1.3023e-06
  -5.7284e-06
   2.0368e-06
  -6.0032e-06
   3.0163e-06
  -6.3277e-06
   4.3302e-06
  -6.9187e-06
   5.7412e-06
  -8.0459e-06
  -6.7798e-06
  -1.1283e-05
  -5.3384e-06
  -1.0539e-05
  -3.9251e-06
  -9.8997e-06
  -2.7050e-06
  -9.3663e-06
  -1.7440e-06
  -8.8791e-06
  -1.0286e-06
  -8.4102e-06
  -5.3377e-07
  -7.9740e-06
  -2.2612e-07
  -7.5961e-06
  -6.5738e-08
  -7.3038e-06
  -6.9482e-09
  -7.1191e-06
  -1.5189e-20
  -7.0559e-06
   6.9482e-09
  -7.1191e-06
   6.5738e-08
  -7.3038e-06
   2.2612e-07
  -7.5961e-06
   5.3377e-07
  -7.9740e-06
   1.0286e-06
  -8.4102e-06
   1.7440e-06
  -8.8791e-06
   2.7050e-06
  -9.3663e-06
   3.9251e-06
  -9.8997e-06
   5.3384e-06
  -1.0539e-05
   6.7798e-06
  -1.1283e-05
  -7.2582e-06
  -1.4561e-05
  -5.7844e-06
  -1.4138e-05
  -4.3113e-06
  -1.3536e-05
  -2.9902e-06
  -1.2856e-05
  -1.9066e-06
  -1.2141e-05
  -1.0888e-06
  -1.1427e-05
  -5.2525e-07
  -1.0755e-05
  -1.8415e-07
  -1.0173e-05
  -2.0082e-08
  -9.7237e-06
   2.1306e-08
  -9.4405e-06
   1.6904e-20
  -9.3438e-06
  -2.1306e-08
  -9.4405e-06
   2.0082e-08
  -9.7237e-06
   1.8415e-07
  -1.0173e-05
   5.2525e-07
  -1.0755e-05
   1.0888e-06
  -1.1427e-05
   1.9066e-06
  -1.2141e-05
   2.9902e-06
  -1.2856e-05
   4.3113e-06
  -1.3536e-05
   5.7844e-06
  -1.4138e-05
   7.2582e-06
  -1.4561e-05
  -7.3422e-06
  -1.7989e-05
  -5.7989e-06
  -1.7811e-05
  -4.2730e-06
  -1.7240e-05
  -2.8973e-06
  -1.6419e-05
  -1.7629e-06
  -1.5463e-05
  -9.1020e-07
  -1.4470e-05
  -3.3802e-07
  -1.3525e-05
  -1.5720e-08
  -1.2706e-05
   1.0611e-07
  -1.2074e-05
   8.8667e-08
  -1.1676e-05
   6.3144e-20
  -1.1540e-05
  -8.8667e-08
  -1.1676e-05
  -1.0611e-07
  -1.2074e-05
   1.5720e-08
  -1.2706e-05
   3.3802e-07
  -1.3525e-05
   9.1020e-07
  -1.4470e-05
   1.7629e-06
  -1.5463e-05
   2.8973e-06
  -1.6419e-05
   4.2730e-06
  -1.7240e-05
   5.7989e-06
  -1.7811e-05
   7.3422e-06
  -1.7989e-05
  -7.1193e-06
  -2.1651e-05
  -5.4760e-06
  -2.1644e-05
  -3.8826e-06
  -2.1049e-05
  -2.4694e-06
  -2.0047e-05
  -1.3252e-06
  -1.8810e-05
  -4.9101e-07
  -1.7495e-05
   3.5067e-08
  -1.6236e-05
   2.8669e-07
  -1.5143e-05
   3.1857e-07
  -1.4302e-05
   1.9816e-07
  -1.3773e-05
   1.2428e-19
  -1.3593e-05
  -1.9816e-07
  -1.3773e-05
  -3.1857e-07
  -1.4302e-05
  -2.8669e-07
  -1.5143e-05
  -3.5067e-08
  -1.6236e-05
   4.9101e-07
  -1.7495e-05
   1.3252e-06
  -1.8810e-05
   2.4694e-06
  -2.0047e-05
   3.8826e-06
  -2.1049e-05
   5.4760e-06
  -2.1644e-05
   7.1193e-06
  -2.1651e-05
  -6.6590e-06
  -2.5628e-05
  -4.8818e-06
  -2.5717e-05
  -3.2016e-06
  -2.5015e-05
  -1.7553e-06
  -2.3752e-05
  -6.2897e-07
  -2.2162e-05
   1.4454e-07
  -2.0463e-05
   5.7670e-07
  -1.8838e-05
   7.1067e-07
  -1.7433e-05
   6.0909e-07
  -1.6355e-05
   3.4567e-07
  -1.5679e-05
   2.0045e-19
  -1.5449e-05
  -3.4567e-07
  -1.5679e-05
  -6.0909e-07
  -1.6355e-05
  -7.1067e-07
  -1.7433e-05
  -5.7670e-07
  -1.8838e-05
  -1.4454e-07
  -2.0463e-05
   6.2897e-07
  -2.2162e-05
   1.7553e-06
  -2.3752e-05
   3.2016e-06
  -2.5015e-05
   4.8818e-06
  -2.5717e-05
   6.6590e-06
  -2.5628e-05
  -6.0255e-06
  -3.0014e-05
  -4.0754e-06
  -3.0110e-05
  -2.2865e-06
  -2.9188e-05
  -8.0940e-07
  -2.7548e-05
   2.7504e-07
  -2.5502e-05
   9.5014e-07
  -2.3336e-05
   1.2468e-06
  -2.1284e-05
   1.2242e-06
  -1.9523e-05
   9.5555e-07
  -1.8180e-05
   5.1999e-07
  -1.7341e-05
   2.8900e-19
  -1.7056e-05
  -5.1999e-07
  -1.7341e-05
  -9.5555e-07
  -1.8180e-05
  -1.2242e-06
  -1.9523e-05
  -1.2468e-06
  -2.1284e-05
  -9.5014e-07
  -2.3336e-05
  -2.7504e-07
  -2.5502e-05
   8.0940e-07
  -2.7548e-05
   2.2865e-06
  -2.9188e-05
   4.0754e-06
  -3.0110e-05
   6.0255e-06
  -3.0014e-05
  -5.2897e-06
  -3.4925e-05
  -3.1201e-06
  -3.4915e-05
  -1.1995e-06
  -3.3620e-05
   3.0269e-07
  -3.1445e-05
   1.3168e-06
  -2.8807e-05
   1.8550e-06
  -2.6072e-05
   1.9799e-06
  -2.3525e-05
   1.7740e-06
  -2.1366e-05
   1.3213e-06
  -1.9733e-05
   7.0274e-07
  -1.8716e-05
   3.8830e-19
  -1.8371e-05
  -7.0274e-07
  -1.8716e-05
  -1.3213e-06
  -1.9733e-05
  -1.7740e-06
  -2.1366e-05
  -1.9799e-06
  -2.3525e-05
  -1.8550e-06
  -2.6072e-05
  -1.3168e-06
  -2.8807e-05
  -3.0269e-07
  -3.1445e-05
   1.1995e-06
  -3.3620e-05
   3.1201e-06
  -3.4915e-05
   5.2897e-06
  -3.4925e-05
  -4.5409e-06
  -4.0510e-05
  -2.0937e-06
  -4.0240e-05
  -1.8533e-08
  -3.8361e-05
   1.4937e-06
  -3.5440e-05
   2.3978e-06
  -3.2039e-05
   2.7552e-06
  -2.8621e-05
   2.6786e-06
  -2.5515e-05
   2.2818e-06
  -2.2927e-05
   1.6545e-06
  -2.0983e-05
   8.6914e-07
  -1.9773e-05
   5.0020e-19
  -1.9361e-05
  -8.6914e-07
  -1.9773e-05
  -1.6545e-06
  -2.0983e-05
  -2.2818e-06
  -2.2927e-05
  -2.6786e-06
  -2.5515e-05
  -2.7552e-06
  -2.8621e-05
  -2.3978e-06
  -3.2039e-05
  -1.4937e-06
  -3.5440e-05
   1.8533e-08
  -3.8361e-05
   2.0937e-06
  -4.0240e-05
   4.5409e-06
  -4.0510e-05
  -3.9036e-06
  -4.6964e-05
  -1.1041e-06
  -4.6212e-05
   1.1478e-06
  -4.3454e-05
   2.6415e-06
  -3.9505e-05
   3.3774e-06
  -3.5130e-05
   3.4995e-06
  -3.0914e-05
   3.2020e-06
  -2.7211e-05
   2.6394e-06
  -2.4187e-05
   1.8903e-06
  -2.1921e-05
   9.9175e-07
  -2.0497e-05
   6.2402e-19
  -2.0008e-05
  -9.9175e-07
  -2.0497e-05
  -1.8903e-06
  -2.1921e-05
  -2.6394e-06
  -2.4187e-05
  -3.2020e-06
  -2.7211e-05
  -3.4995e-06
  -3.0914e-05
  -3.3774e-06
  -3.5130e-05
  -2.6415e-06
  -3.9505e-05
  -1.1478e-06
  -4.3454e-05
   1.1041e-06
  -4.6212e-05
   3.9036e-06
  -4.6964e-05
  -3.5680e-06
  -5.4559e-05
  -3.1681e-07
  -5.2986e-05
   2.1388e-06
  -4.8933e-05
   3.5743e-06
  -4.3579e-05
   4.0586e-06
  -3.7970e-05
   3.8704e-06
  -3.2855e-05
   3.3467e-06
  -2.8583e-05
   2.7033e-06
  -2.5179e-05
   1.9609e-06
  -2.2588e-05
   1.0535e-06
  -2.0895e-05
   7.6055e-19
  -2.0296e-05
  -1.0535e-06
  -2.0895e-05
  -1.9609e-06
  -2.2588e-05
  -2.7033e-06
  -2.5179e-05
  -3.3467e-06
  -2.8583e-05
  -3.8704e-06
  -3.2855e-05
  -4.0586e-06
  -3.7970e-05
  -3.5743e-06
  -4.3579e-05
  -2.1388e-06
  -4.8933e-05
   3.1681e-07
  -5.2986e-05
   3.5680e-06
  -5.4559e-05
  -3.8524e-06
  -6.3662e-05
  -1.2801e-08
  -6.0748e-05
   2.7076e-06
  -5.4832e-05
   4.0647e-06
  -4.7555e-05
   4.1849e-06
  -4.0364e-05
   3.5585e-06
  -3.4290e-05
   2.8128e-06
  -2.9632e-05
   2.2869e-06
  -2.6040e-05
   1.8278e-06
  -2.3114e-05
   1.0850e-06
  -2.0976e-05
   9.1002e-19
  -2.0163e-05
  -1.0850e-06
  -2.0976e-05
  -1.8278e-06
  -2.3114e-05
  -2.2869e-06
  -2.6040e-05
  -2.8128e-06
  -2.9632e-05
  -3.5585e-06
  -3.4290e-05
  -4.1849e-06
  -4.0364e-05
  -4.0647e-06
  -4.7555e-05
  -2.7076e-06
  -5.4832e-05
   1.2801e-08
  -6.0748e-05
   3.8524e-06
  -6.3662e-05
  -5.3293e-06
  -7.4739e-05
  -7.0761e-07
  -6.9730e-05
   2.4751e-06
  -6.1252e-05
   3.8688e-06
  -5.1307e-05
   3.4820e-06
  -4.1955e-05
   2.1311e-06
  -3.4904e-05
   1.1242e-06
  -3.0412e-05
   1.1398e-06
  -2.7167e-05
   1.5655e-06
  -2.3835e-05
   1.2666e-06
  -2.0700e-05
   1.0682e-18
  -1.9351e-05
  -1.2666e-06
  -2.0700e-05
  -1.5655e-06
  -2.3835e-05
  -1.1398e-06
  -2.7167e-05
  -1.1242e-06
  -3.0412e-05
  -2.1311e-06
  -3.4904e-05
  -3.4820e-06
  -4.1955e-05
  -3.8688e-06
  -5.1307e-05
  -2.4751e-06
  -6.1252e-05
   7.0761e-07
  -6.9730e-05
   5.3293e-06
  -7.4739e-05
  -9.0430e-06
  -8.8223e-05
  -3.3716e-06
  -8.0249e-05
   8.8966e-07
  -6.8603e-05
   2.8900e-06
  -5.4817e-05
   1.8283e-06
  -4.2026e-05
  -1.0084e-06
  -3.3920e-05
  -2.5756e-06
  -3.1036e-05
  -1.1325e-06
  -2.9600e-05
   1.5614e-06
  -2.5611e-05
   2.1911e-06
  -1.9813e-05
   1.2380e-18
  -1.6956e-05
  -2.1911e-06
  -1.9813e-05
  -1.5614e-06
  -2.5611e-05
   1.1325e-06
  -2.9600e-05
   2.5756e-06
  -3.1036e-05
   1.0084e-06
  -3.3920e-05
  -1.8283e-06
  -4.2026e-05
  -2.8900e-06
  -5.4817e-05
  -8.8966e-07
  -6.8603e-05
   3.3716e-06
  -8.0249e-05
   9.0430e-06
  -8.8223e-05
  -1.6708e-05
  -1.0394e-04
  -9.7139e-06
  -9.2817e-05
  -2.7760e-06
  -7.8259e-05
   1.5702e-06
  -5.8574e-05
  -2.8447e-07
  -3.9040e-05
  -6.6343e-06
  -2.9205e-05
  -1.0014e-05
  -3.1558e-05
  -5.3383e-06
  -3.6012e-05
   2.9467e-06
  -3.0713e-05
   5.4989e-06
  -1.7415e-05
   1.4128e-18
  -1.0193e-05
  -5.4989e-06
  -1.7415e-05
  -2.9467e-06
  -3.0713e-05
   5.3383e-06
  -3.6012e-05
   1.0014e-05
  -3.1558e-05
   6.6343e-06
  -2.9205e-05
   2.8447e-07
  -3.9040e-05
  -1.5702e-06
  -5.8574e-05
   2.7760e-06
  -7.8259e-05
   9.7139e-06
  -9.2817e-05
   1.6708e-05
  -1.0394e-04
  -3.0130e-05
  -1.1959e-04
  -2.2061e-05
  -1.0824e-04
  -9.5545e-06
  -9.3814e-05
   1.2703e-06
  -6.4803e-05
  -8.0328e-07
  -2.9874e-05
  -1.5380e-05
  -1.4939e-05
  -2.4675e-05
  -3.1258e-05
  -1.3446e-05
  -5.3081e-05
   8.2827e-06
  -4.5241e-05
   1.5130e-05
  -1.0936e-05
   1.5915e-18
   8.8181e-06
  -1.5130e-05
  -1.0936e-05
  -8.2827e-06
  -4.5241e-05
   1.3446e-05
  -5.3081e-05
   2.4675e-05
  -3.1258e-05
   1.5380e-05
  -1.4939e-05
   8.0328e-07
  -2.9874e-05
  -1.2703e-06
  -6.4803e-05
   9.5545e-06
  -9.3814e-05
   2.2061e-05
  -1.0824e-04
   3.0130e-05
  -1.1959e-04
  -4.7102e-05
  -1.2872e-04
  -4.1185e-05
  -1.2633e-04
  -2.2178e-05
  -1.2203e-04
   2.4598e-06
  -8.1006e-05
   4.8532e-06
  -9.7880e-06
  -2.5830e-05
   2.3577e-05
  -5.1609e-05
  -2.5929e-05
  -2.9668e-05
  -9.6195e-05
   2.1256e-05
  -8.4817e-05
   3.7897e-05
   5.8236e-06
   1.7797e-18
   6.0122e-05
  -3.7897e-05
   5.8236e-06
  -2.1256e-05
  -8.4817e-05
   2.9668e-05
  -9.6195e-05
   5.1609e-05
  -2.5929e-05
   2.5830e-05
   2.3577e-05
  -4.8532e-06
  -9.7880e-06
  -2.4598e-06
  -8.1006e-05
   2.2178e-05
  -1.2203e-04
   4.1185e-05
  -1.2633e-04
   4.7102e-05
  -1.2872e-04
  -5.1886e-05
  -1.2536e-04
  -5.8507e-05
  -1.3751e-04
  -4.9063e-05
  -1.6895e-04
  -6.1511e-06
  -1.2742e-04
   1.5620e-05
   2.2701e-05
  -2.9235e-05
   1.1506e-04
  -8.2513e-05
  -1.8767e-06
  -5.3820e-05
  -1.9243e-04
   3.5324e-05
  -1.8106e-04
   6.7632e-05
   4.3738e-05
   1.9742e-18
   1.8267e-04
  -6.7632e-05
   4.3738e-05
  -3.5324e-05
  -1.8106e-04
   5.3820e-05
  -1.9243e-04
   8.2513e-05
  -1.8767e-06
   2.9235e-05
   1.1506e-04
  -1.5620e-05
   2.2701e-05
   6.1511e-06
  -1.2742e-04
   4.9063e-05
  -1.6895e-04
   5.8507e-05
  -1.3751e-04
   5.1886e-05
  -1.2536e-04
  -4.5199e-05
  -1.2687e-04
  -4.3769e-05
  -1.2351e-04
  -5.4800e-05
  -2.2365e-04
  -7.9640e-05
  -2.0930e-04
  -7.7008e-05
   5.3780e-05
  -2.3161e-05
   2.5215e-04
   2.8698e-05
   4.5929e-05
   1.1018e-05
  -3.3113e-04
  -5.2315e-05
  -3.2878e-04
  -6.6681e-05
   9.7871e-05
   2.1761e-18
   3.6663e-04
   6.6681e-05
   9.7871e-05
   5.2315e-05
  -3.2878e-04
  -1.1018e-05
  -3.3113e-04
  -2.8698e-05
   4.5929e-05
   2.3161e-05
   2.5215e-04
   7.7008e-05
   5.3780e-05
   7.9640e-05
  -2.0930e-04
   5.4800e-05
  -2.2365e-04
   4.3769e-05
  -1.2351e-04
   4.5199e-05
  -1.2687e-04

